//Version: PianoFingering_v170101_Generated
0	0.25	2	F4	33	64	1	0
1	0.25	2	G#4	33	64	1	0
2	1.25	3.75	F5	33	64	0	0
3	1.25	3.75	G#5	33	64	0	0
4	2	2.125	F4	33	64	1	0
5	2	2.125	G#4	33	64	1	0
6	2.25	4	F#4	33	64	1	0
7	2.25	4	A4	33	64	1	0
8	3.75	5.625	C#5	33	64	0	0
9	3.75	5.625	F5	33	64	0	0
10	4	4.375	F#4	33	64	1	0
11	4	4.375	A4	33	64	1	0
12	4.5	6	F4	33	64	1	0
13	4.5	6	G#4	33	64	1	0
14	5.625	6.25	C#5	33	64	0	0
15	5.625	6.25	F5	33	64	0	0
16	6	6.625	F4	33	64	1	0
17	6	6.625	G#4	33	64	1	0
18	6.25	6.875	C5	33	64	0	0
19	6.25	6.875	E-5	33	64	0	0
20	6.75	8	E-4	33	64	1	0
21	6.75	8	F#4	33	64	1	0
22	6.875	7.5	C#5	33	64	0	0
23	6.875	7.5	F5	33	64	0	0
24	7.5	11.25	C5	33	64	0	0
25	7.5	11.25	E-5	33	64	0	0
26	8	8.875	E-4	33	64	1	0
27	8	8.875	F#4	33	64	1	0
28	9	10	C#4	33	64	1	0
29	9	10	E-4	33	64	1	0
30	10	10.375	C#4	33	64	1	0
31	10	10.375	E-4	33	64	1	0
32	10.5	11.25	C4	33	64	1	0
33	10.5	11.25	E-4	33	64	1	0
34	11.25	12	B-3	33	64	1	0
35	11.25	12	C#4	33	64	1	0
36	11.25	11.5625	C5	33	64	0	0
37	11.25	11.5625	E-5	33	64	0	0
38	11.875	12.5	B-4	33	64	0	0
39	11.875	12.5	C#5	33	64	0	0
40	12	12.625	B-3	33	64	1	0
41	12	12.625	C#4	33	64	1	0
42	12.5	13.125	C5	33	64	0	0
43	12.5	13.125	E-5	33	64	0	0
44	12.75	13.5	A3	33	64	1	0
45	12.75	13.5	C4	33	64	1	0
46	13.125	16.875	B-4	33	64	0	0
47	13.125	14.0625	C#5	33	64	0	0
48	13.5	14	G#3	33	64	1	0
49	13.5	14	B-3	33	64	1	0
50	14	14.875	G#3	33	64	1	0
51	14	15.625	B-3	33	64	1	0
52	14.0625	15.9375	F5	33	64	0	0
53	15	15.75	F#3	33	64	1	0
54	15.75	16	F3	33	64	1	0
55	15.75	16	G#3	33	64	1	0
56	15.9375	16.875	C#5	33	64	0	0
57	16	17.125	F3	33	64	1	0
58	16	17.125	G#3	33	64	1	0
59	16.875	17.5	B-4	33	64	0	0
60	16.875	17.5	C#5	33	64	0	0
61	17.25	17.625	E-3	33	64	1	0
62	17.25	18	F#3	33	64	1	0
63	17.5	18.125	G#4	33	64	0	0
64	17.5	18.125	C5	33	64	0	0
65	17.625	18	G#2	33	64	1	0
66	18	18.25	C#2	33	64	1	0
67	18	18.25	G#2	33	64	1	0
68	18.125	18.75	B-4	33	64	0	0
69	18.125	18.75	C#5	33	64	0	0
70	18.25	18.5	F3	33	64	1	0
71	18.25	18.5	G#3	33	64	1	0
72	18.5	20	F4	33	64	1	0
73	18.5	20	G#4	33	64	1	0
74	18.75	22.1875	G#4	33	64	0	0
75	18.75	22.5	C5	33	64	0	0
76	20	20.125	F4	33	64	1	0
77	20	20.125	G#4	33	64	1	0
78	20.25	21.625	F#2	33	64	1	0
79	20.25	20.5	C#3	33	64	1	0
80	20.5	22	C#3	33	64	1	0
81	20.5	22	F#3	33	64	1	0
82	20.5	22	B-3	33	64	1	0
83	20.5	22	C#4	33	64	1	0
84	22	22.375	C#3	33	64	1	0
85	22	22.375	F#3	33	64	1	0
86	22	22.375	B-3	33	64	1	0
87	22	22.375	C#4	33	64	1	0
88	22.5	23.875	F2	33	64	1	0
89	22.5	23.875	C#3	33	64	1	0
90	22.5	26.1735	F#4	33	64	0	0
91	22.5	22.9082	C5	33	64	0	0
92	22.75	23.25	F3	33	64	1	0
93	22.75	23.25	G#3	33	64	1	0
94	23.1122	23.7245	B-4	33	64	0	0
95	23.25	24	C#4	33	64	1	0
96	23.25	24	F4	33	64	1	0
97	23.7245	24.3367	C5	33	64	0	0
98	24	24.75	G#3	33	64	1	0
99	24	24.75	C#4	33	64	1	0
100	24.3367	24.949	B-4	33	64	0	0
101	24.75	26	F#2	33	64	1	0
102	24.75	25	C#3	33	64	1	0
103	24.949	25.5612	E-5	33	64	0	0
104	25	26	C#3	33	64	1	0
105	25	26	F#3	33	64	1	0
106	25	26	B-3	33	64	1	0
107	25	26	C#4	33	64	1	0
108	25.5612	26.1735	B-4	33	64	0	0
109	26	26.125	F#2	33	64	1	0
110	26	26.875	C#3	33	64	1	0
111	26	26.875	F#3	33	64	1	0
112	26	26.875	B-3	33	64	1	0
113	26	26.875	C#4	33	64	1	0
114	26.1735	28.0102	F#4	33	64	0	0
115	26.1735	26.7857	G#4	33	64	0	0
116	26.7857	27.398	B-4	33	64	0	0
117	27	28	G#2	33	64	1	0
118	27.25	27.75	F3	36	64	1	0
119	27.25	27.75	B3	36	64	1	0
120	27.398	28.0102	G#4	33	64	0	0
121	27.75	28	B3	42	64	1	0
122	27.75	28	C#4	42	64	1	0
123	27.75	28	F4	42	64	1	0
124	28	29.125	G#2	33	64	1	0
125	28	28.75	B3	42	64	1	0
126	28	28.75	C#4	42	64	1	0
127	28	28.75	F4	42	64	1	0
128	28.0102	31.6837	E-4	33	64	0	0
129	28.0102	28.6224	G#4	33	64	0	0
130	28.6224	29.2347	F#4	33	64	0	0
131	29.2347	29.8469	G#4	33	64	0	0
132	29.25	30	B-2	42	64	1	0
133	29.5	30	F3	42	64	1	0
134	29.5	30	B-3	42	64	1	0
135	29.5	30	E-4	42	64	1	0
136	29.8469	31.6837	F#4	33	64	0	0
137	30	30.625	B-2	42	64	1	0
138	30	31.375	F3	42	64	1	0
139	30	31.375	B-3	42	64	1	0
140	30	30.375	E-4	42	64	1	0
141	30.375	31.5	C#4	42	64	1	0
142	31.5	32	E-1	33	64	1	0
143	31.5	32	E-2	33	64	1	0
144	31.6837	33.5204	E-4	33	64	0	0
145	31.6837	33.5204	F4	33	64	0	0
146	31.875	32	F4	33	64	1	0
147	31.875	32	F#4	33	64	1	0
148	31.875	32	B-4	33	64	1	0
149	32	32.875	E-1	33	64	1	0
150	32	32.875	E-2	33	64	1	0
151	32	32.5	F4	33	64	1	0
152	32	32.5	F#4	33	64	1	0
153	32	32.5	B-4	33	64	1	0
154	32.5	32.75	E-4	33	64	1	0
155	32.5	32.75	F#4	33	64	1	0
156	32.5	32.75	B-4	33	64	1	0
157	32.75	33	E-4	33	64	1	0
158	32.75	33	F#4	33	64	1	0
159	32.75	33	B-4	33	64	1	0
160	33	33.25	E-4	33	64	1	0
161	33	33.25	F#4	33	64	1	0
162	33	33.25	B-4	33	64	1	0
163	33.25	33.5	C#4	33	64	1	0
164	33.25	33.5	F#4	33	64	1	0
165	33.25	33.5	B-4	33	64	1	0
166	33.5	33.75	C#4	33	64	1	0
167	33.5	33.75	F#4	33	64	1	0
168	33.5	33.75	B-4	33	64	1	0
169	33.5204	38.9204	C#4	33	64	0	0
170	33.5204	34.1204	F4	33	64	0	0
171	33.75	34	C#4	33	64	1	0
172	33.75	34	F#4	33	64	1	0
173	33.75	34	B-4	33	64	1	0
174	34	34.25	C4	33	64	1	0
175	34	34.25	F#4	33	64	1	0
176	34	34.25	B-4	33	64	1	0
177	34.1204	34.7204	F4	33	64	0	0
178	34.25	34.5	C4	33	64	1	0
179	34.25	34.5	F#4	33	64	1	0
180	34.25	34.5	B-4	33	64	1	0
181	34.5	34.875	C4	33	64	1	0
182	34.5	34.875	F#4	33	64	1	0
183	34.5	34.875	B-4	33	64	1	0
184	34.7204	35.3204	F#4	33	64	0	0
185	34.875	35.25	C#4	33	64	1	0
186	34.875	35.25	F#4	33	64	1	0
187	34.875	35.25	B-4	33	64	1	0
188	35.25	36	B-3	33	64	1	0
189	35.25	36	C#4	33	64	1	0
190	35.25	36	F#4	33	64	1	0
191	35.3204	35.9204	F4	33	64	0	0
192	35.9204	36.5204	B-4	33	64	0	0
193	36	37.375	E-1	33	64	1	0
194	36	37.375	E-2	33	64	1	0
195	36.375	37	F4	33	64	1	0
196	36.375	37	F#4	33	64	1	0
197	36.375	37	B-4	33	64	1	0
198	36.5204	37.1204	F4	33	64	0	0
199	37	37.25	F#4	33	64	1	0
200	37	37.25	B-4	33	64	1	0
201	37	37.25	E-5	33	64	1	0
202	37.1204	37.7204	E-4	33	64	0	0
203	37.25	37.5	F4	33	64	1	0
204	37.25	37.5	F#4	33	64	1	0
205	37.25	37.5	B-4	33	64	1	0
206	37.5	37.75	E-4	33	64	1	0
207	37.5	37.75	F#4	33	64	1	0
208	37.5	37.75	B-4	33	64	1	0
209	37.7204	38.3204	F4	33	64	0	0
210	37.75	38	F4	33	64	1	0
211	37.75	38	F#4	33	64	1	0
212	37.75	38	B-4	33	64	1	0
213	38	38.25	E-4	33	64	1	0
214	38	38.25	F#4	33	64	1	0
215	38	38.25	B-4	33	64	1	0
216	38.25	38.5	C#4	33	64	1	0
217	38.25	38.5	F#4	33	64	1	0
218	38.25	38.5	B-4	33	64	1	0
219	38.3204	38.9204	E-4	33	64	0	0
220	38.5	38.75	E-4	33	64	1	0
221	38.5	38.75	F#4	33	64	1	0
222	38.5	38.75	B-4	33	64	1	0
223	38.75	39	C#4	33	64	1	0
224	38.75	39	F#4	33	64	1	0
225	38.75	39	B-4	33	64	1	0
226	38.9204	42.5204	B-3	33	64	0	0
227	38.9204	39.5204	E-4	33	64	0	0
228	39	39.375	C4	33	64	1	0
229	39	39.375	F#4	33	64	1	0
230	39	39.375	B-4	33	64	1	0
231	39.375	39.75	C#4	33	64	1	0
232	39.375	39.75	F#4	33	64	1	0
233	39.375	39.75	B-4	33	64	1	0
234	39.5204	40.1204	C#4	33	64	0	0
235	39.75	40	B-3	33	64	1	0
236	39.75	40	E-4	33	64	1	0
237	39.75	40	F#4	33	64	1	0
238	40	40.5	B-3	33	64	1	0
239	40	40.5	E-4	33	64	1	0
240	40	40.5	F#4	33	64	1	0
241	40.1204	40.7204	E-4	33	64	0	0
242	40.5	41.875	G#1	33	64	1	0
243	40.5	41.875	G#2	33	64	1	0
244	40.7204	42.5204	C#4	33	64	0	0
245	40.875	41.25	F#3	34	64	1	0
246	41.25	41.625	G#3	35	64	1	0
247	41.25	41.625	C4	35	64	1	0
248	41.25	42	E-4	35	64	1	0
249	41.625	42	C4	36	64	1	0
250	42	42.375	B-3	38	64	1	0
251	42	42.75	E-4	38	64	1	0
252	42	42.375	F#4	38	64	1	0
253	42.375	42.75	F#3	39	64	1	0
254	42.5204	44.3204	G#3	33	64	0	0
255	42.5204	44.3204	C4	33	64	0	0
256	42.75	44	A1	40	64	1	0
257	42.75	44	A2	40	64	1	0
258	43	43.25	F#3	41	64	1	0
259	43	43.25	C4	41	64	1	0
260	43	43.25	E-4	41	64	1	0
261	43.25	43.5	F#3	42	64	1	0
262	43.25	43.5	C4	42	64	1	0
263	43.25	43.5	E-4	42	64	1	0
264	43.5	43.75	F#3	43	64	1	0
265	43.5	43.75	C4	43	64	1	0
266	43.5	43.75	E-4	43	64	1	0
267	43.75	44	F#3	44	64	1	0
268	43.75	44	C4	44	64	1	0
269	43.75	44	E-4	44	64	1	0
270	44.125	44.25	A1	40	64	1	0
271	44.125	44.25	A2	40	64	1	0
272	44.125	44.375	G#3	45	64	1	0
273	44.125	44.375	C4	45	64	1	0
274	44.125	44.375	E-4	45	64	1	0
275	44.375	45.125	F#3	46	64	1	0
276	44.375	45.125	C4	46	64	1	0
277	44.375	45.125	E-4	46	64	1	0
278	45.125	46.125	B-1	48	64	1	0
279	45.125	46.125	B-2	48	64	1	0
280	45.5	45.875	F#3	49	64	1	0
281	45.5	46.125	B-3	49	64	1	0
282	45.5	46.125	C#4	49	64	1	0
283	45.875	46.125	G#3	51	64	1	0
284	46.0851	47.8498	F5	33	64	0	0
285	46.0851	47.8498	G#5	33	64	0	0
286	46.5	46.875	B-1	48	64	1	0
287	46.5	46.875	B-2	48	64	1	0
288	46.5	46.625	G#3	51	64	1	0
289	46.5	47	B-3	49	64	1	0
290	46.5	46.625	C#4	49	64	1	0
291	46.625	47	C#4	52	64	1	0
292	47	47.375	B-3	53	64	1	0
293	47	47.75	C#4	53	64	1	0
294	47	47.375	F#4	53	64	1	0
295	47.375	47.75	F#3	55	64	1	0
296	47.75	48.5	C2	56	64	1	0
297	47.75	48.5	C3	56	64	1	0
298	47.8498	49.6145	C#5	33	64	0	0
299	47.8498	49.6145	F5	33	64	0	0
300	48	48.25	F#3	57	64	1	0
301	48	48.25	B-3	57	64	1	0
302	48	48.25	E-4	57	64	1	0
303	48.25	48.5	F#3	58	64	1	0
304	48.25	48.5	B-3	58	64	1	0
305	48.25	48.5	E-4	58	64	1	0
306	48.5	49.125	C2	56	64	1	0
307	48.5	49.125	C3	56	64	1	0
308	48.5	48.75	F#3	59	64	1	0
309	48.5	48.75	B-3	59	64	1	0
310	48.5	48.75	E-4	59	64	1	0
311	48.75	49	F#3	59	64	1	0
312	48.75	49	B-3	59	64	1	0
313	48.75	49	E-4	59	64	1	0
314	49	49.25	G#3	60	64	1	0
315	49	49.25	C4	60	64	1	0
316	49	49.25	F4	60	64	1	0
317	49.25	50	F#3	61	64	1	0
318	49.25	50	B-3	61	64	1	0
319	49.25	50	E-4	61	64	1	0
320	49.6145	50.2028	C#5	33	64	0	0
321	49.6145	50.2028	F5	33	64	0	0
322	50	50.5	C#2	64	64	1	0
323	50	50.5	C#3	64	64	1	0
324	50.2028	54.6145	F#4	33	64	0	0
325	50.2028	54.6145	B-4	33	64	0	0
326	50.2028	50.791	E-5	33	64	0	0
327	50.375	50.5	F#3	65	64	1	0
328	50.375	50.5	B-3	65	64	1	0
329	50.375	50.5	C#4	65	64	1	0
330	50.791	51.3792	F5	33	64	0	0
331	51.375	52.25	C#2	64	64	1	0
332	51.375	52.25	C#3	64	64	1	0
333	51.375	51.625	F#3	65	64	1	0
334	51.375	52.375	B-3	65	64	1	0
335	51.375	52.375	C#4	65	64	1	0
336	51.3792	54.9086	E-5	33	64	0	0
337	51.625	52	G#3	66	64	1	0
338	52	52.375	E-4	68	64	1	0
339	52.375	52.75	C#4	69	64	1	0
340	52.375	53.125	F#4	69	64	1	0
341	52.375	52.75	B-4	69	64	1	0
342	52.75	53.125	B-3	70	64	1	0
343	53.125	53.375	E-2	72	64	1	0
344	53.125	53.375	E-3	72	64	1	0
345	53.375	54.5	E-2	72	64	1	0
346	53.375	54.5	E-3	72	64	1	0
347	53.375	53.625	B-3	73	64	1	0
348	53.375	53.625	C#4	73	64	1	0
349	53.375	53.625	F#4	73	64	1	0
350	53.625	53.875	B-3	73	64	1	0
351	53.625	53.875	C#4	73	64	1	0
352	53.625	53.875	F#4	73	64	1	0
353	53.875	54.125	B-3	74	64	1	0
354	53.875	54.125	C#4	74	64	1	0
355	53.875	54.125	F#4	74	64	1	0
356	54.125	54.375	B-3	75	64	1	0
357	54.125	54.375	C#4	75	64	1	0
358	54.125	54.375	F#4	75	64	1	0
359	54.375	54.625	C4	76	64	1	0
360	54.375	54.625	E-4	76	64	1	0
361	54.375	54.625	G#4	76	64	1	0
362	54.625	54.875	B-3	77	64	1	0
363	54.625	54.875	C#4	77	64	1	0
364	54.625	54.875	F#4	77	64	1	0
365	54.875	55.125	C#4	78	64	1	0
366	54.875	55.125	F#4	78	64	1	0
367	54.875	55.125	B-4	78	64	1	0
368	54.9086	55.2933	E-5	33	64	0	0
369	55.125	55.375	E-4	79	64	1	0
370	55.125	55.375	F#4	79	64	1	0
371	55.125	55.375	B-4	79	64	1	0
372	55.375	56.75	F4	80	64	1	0
373	55.375	56.75	G#4	80	64	1	0
374	55.375	56.75	C#5	80	64	1	0
375	55.4856	56.0625	C#4	33	64	0	0
376	55.4856	56.6394	G#4	33	64	0	0
377	55.4856	56.0625	C#5	33	64	0	0
378	55.5417	56.7083	F5	78	64	1	0
379	55.5417	56.7083	G#5	78	64	1	0
380	55.5417	56.7083	C#6	78	64	1	0
381	55.7083	56.875	G#6	77	64	1	0
382	56.0625	56.6394	E-4	33	64	0	0
383	56.0625	56.6394	E-5	33	64	0	0
384	56.6394	58.3702	G#4	33	64	0	0
385	56.6394	58.3702	C#5	33	64	0	0
386	56.6394	58.3702	G#5	33	64	0	0
387	56.875	57.375	E4	64	64	1	0
388	56.875	57.375	G#4	64	64	1	0
389	56.875	57.375	B-4	64	64	1	0
390	57.0417	57.375	C#5	63	64	1	0
391	57.0417	57.375	E5	63	64	1	0
392	57.0417	57.375	G#5	63	64	1	0
393	57.2083	57.375	C#6	61	64	1	0
394	57.2083	57.375	G#6	61	64	1	0
395	57.375	57.5	E4	64	64	1	0
396	57.375	57.5	G#4	64	64	1	0
397	57.375	57.5	B-4	64	64	1	0
398	57.375	57.5417	C#5	63	64	1	0
399	57.375	57.5417	E5	63	64	1	0
400	57.375	57.5417	G#5	63	64	1	0
401	57.375	57.5833	C#6	61	64	1	0
402	57.375	57.5833	G#6	61	64	1	0
403	57.625	59	E-4	56	64	1	0
404	57.625	59	F#4	56	64	1	0
405	57.625	59	G#4	56	64	1	0
406	57.75	59	C#5	55	64	1	0
407	57.75	59	E-5	55	64	1	0
408	57.75	59	G#5	55	64	1	0
409	57.875	59	C#6	54	64	1	0
410	57.875	59	G#6	54	64	1	0
411	58.3702	60.101	F4	33	64	0	0
412	58.3702	60.101	C#5	33	64	0	0
413	58.3702	60.101	F5	33	64	0	0
414	59.125	59.25	G#3	40	64	1	0
415	59.125	59.25	E-4	40	64	1	0
416	59.375	59.5417	F#4	38	64	1	0
417	59.375	59.5417	C5	38	64	1	0
418	59.5417	59.7083	G#4	36	64	1	0
419	59.5417	59.7083	E-5	36	64	1	0
420	59.75	59.875	G#5	35	64	1	0
421	59.875	60.625	C#2	33	64	1	0
422	60	60.125	G#2	33	64	1	0
423	60.101	60.6779	F5	33	64	0	0
424	60.125	60.25	C#3	33	64	1	0
425	60.25	60.375	F3	33	64	1	0
426	60.375	60.5	G#3	33	64	1	0
427	60.5	60.625	C#4	33	64	1	0
428	60.625	61.375	F2	33	64	1	0
429	60.6779	65.2933	F#4	33	64	0	0
430	60.6779	65.2933	B-4	33	64	0	0
431	60.6779	61.2548	E-5	33	64	0	0
432	60.75	60.875	C3	33	64	1	0
433	60.875	61	F3	33	64	1	0
434	61	61.125	G#3	33	64	1	0
435	61.125	61.25	C4	33	64	1	0
436	61.25	61.375	F4	33	64	1	0
437	61.2548	61.8317	F5	33	64	0	0
438	61.375	62.125	G#2	33	64	1	0
439	61.5	61.625	E3	33	64	1	0
440	61.625	61.75	G#3	33	64	1	0
441	61.75	61.875	B3	33	64	1	0
442	61.8317	63.5625	E-5	33	64	0	0
443	61.875	62	E4	33	64	1	0
444	62	62.125	G#4	33	64	1	0
445	62.125	62.875	C#2	33	64	1	0
446	62.25	62.375	G#2	33	64	1	0
447	62.375	62.5	C#3	33	64	1	0
448	62.5	62.625	F3	33	64	1	0
449	62.625	62.75	G#3	33	64	1	0
450	62.75	62.875	C#4	33	64	1	0
451	62.875	63.375	F2	33	64	1	0
452	63	63.125	C3	33	64	1	0
453	63.125	63.25	F3	33	64	1	0
454	63.25	63.375	G#3	33	64	1	0
455	63.375	63.625	F2	33	64	1	0
456	63.375	63.5	C4	33	64	1	0
457	63.5	63.625	F4	33	64	1	0
458	63.5625	65.2933	C#5	33	64	0	0
459	63.625	64.375	G#2	33	64	1	0
460	63.75	63.875	E3	33	64	1	0
461	63.875	64	G#3	33	64	1	0
462	64	64.125	B3	33	64	1	0
463	64.25	64.375	E4	33	64	1	0
464	64.375	64.5	C#2	33	64	1	0
465	64.5	64.625	G#2	33	64	1	0
466	64.625	64.75	C#3	33	64	1	0
467	64.75	64.875	F3	34	64	1	0
468	64.875	65	G#3	34	64	1	0
469	65	65.125	C#4	35	64	1	0
470	65.125	65.25	F4	35	64	1	0
471	65.25	65.375	G#4	36	64	1	0
472	65.2933	65.8593	C#5	33	64	0	0
473	65.375	65.5	F4	36	64	1	0
474	65.5	65.625	C#4	37	64	1	0
475	65.625	65.75	G#3	37	64	1	0
476	65.75	65.875	F3	37	64	1	0
477	65.8593	66.4253	C#4	36	64	0	0
478	65.8593	66.9914	G#4	36	64	0	0
479	65.8593	66.4253	C#5	36	64	0	0
480	65.875	66	G#3	38	64	1	0
481	66	66.125	F3	38	64	1	0
482	66.125	66.25	C#3	39	64	1	0
483	66.25	66.375	G#2	39	64	1	0
484	66.375	66.5	C#3	40	64	1	0
485	66.4253	66.9914	E-4	39	64	0	0
486	66.4253	66.9914	E-5	39	64	0	0
487	66.5	66.625	G#2	40	64	1	0
488	66.625	66.75	E-2	41	64	1	0
489	66.75	66.875	B-2	41	64	1	0
490	66.875	67	E-3	41	64	1	0
491	66.9914	67.8404	B-4	42	64	0	0
492	66.9914	69.5385	F5	42	64	0	0
493	66.9914	67.8404	B-5	42	64	0	0
494	67	67.125	G3	42	64	1	0
495	67.125	67.25	B-3	42	64	1	0
496	67.25	67.375	E-4	43	64	1	0
497	67.5	67.625	E-4	44	64	1	0
498	67.625	67.75	B-3	44	64	1	0
499	67.75	67.875	G3	45	64	1	0
500	67.8404	69.5385	G#4	42	64	0	0
501	67.8404	69.5385	G#5	42	64	0	0
502	67.875	68	E-3	45	64	1	0
503	68	68.125	B-2	45	64	1	0
504	68.125	68.25	E-2	46	64	1	0
505	68.25	68.375	B-2	46	64	1	0
506	68.375	68.5	E-3	47	64	1	0
507	68.5	68.625	G3	47	64	1	0
508	68.625	68.75	E-3	48	64	1	0
509	68.75	68.875	B-2	48	64	1	0
510	68.875	69.375	G#2	49	64	1	0
511	69	69.125	E-3	49	64	1	0
512	69.125	69.25	F#3	49	64	1	0
513	69.25	69.375	B-3	49	64	1	0
514	69.375	69.625	G#2	49	64	1	0
515	69.375	69.5	C4	49	64	1	0
516	69.5	69.625	F#4	49	64	1	0
517	69.5385	70.3876	F4	42	64	0	0
518	69.5385	70.3876	F5	42	64	0	0
519	69.625	70.375	F#2	49	64	1	0
520	69.75	69.875	C#3	49	64	1	0
521	69.875	70	F#3	49	64	1	0
522	70	70.125	B-3	49	64	1	0
523	70.125	70.25	C#4	49	64	1	0
524	70.25	70.375	F#4	49	64	1	0
525	70.375	71.125	F2	49	64	1	0
526	70.3876	70.9432	F5	42	64	0	0
527	70.5	70.625	C3	49	64	1	0
528	70.625	70.75	F3	49	64	1	0
529	70.75	70.875	G#3	49	64	1	0
530	70.875	71.125	C4	49	64	1	0
531	70.9432	75.3876	F4	42	64	0	0
532	70.9432	74.5543	B-4	42	64	0	0
533	70.9432	71.4987	E-5	42	64	0	0
534	71.125	71.375	G#2	49	64	1	0
535	71.25	71.375	E-3	49	64	1	0
536	71.375	71.875	G#2	49	64	1	0
537	71.375	71.5	F#3	49	64	1	0
538	71.4987	72.0543	F5	42	64	0	0
539	71.5	71.625	B-3	49	64	1	0
540	71.625	71.75	C4	49	64	1	0
541	71.75	71.875	F#4	49	64	1	0
542	71.875	72.625	F#2	49	64	1	0
543	72	72.125	C#3	49	64	1	0
544	72.0543	72.8876	E-5	42	64	0	0
545	72.125	72.25	F#3	49	64	1	0
546	72.25	72.375	B-3	49	64	1	0
547	72.375	72.5	C#4	49	64	1	0
548	72.5	72.625	F#4	49	64	1	0
549	72.625	73.375	F2	49	64	1	0
550	72.75	72.875	C3	49	64	1	0
551	72.875	73	F3	49	64	1	0
552	72.8876	74.5543	C#5	42	64	0	0
553	73	73.125	G#3	49	64	1	0
554	73.125	73.375	C4	49	64	1	0
555	73.375	74.125	E-2	49	64	1	0
556	73.5	73.625	B-2	49	64	1	0
557	73.625	73.75	E-3	49	64	1	0
558	73.75	73.875	F#3	49	64	1	0
559	73.875	74	B-3	49	64	1	0
560	74	74.125	E-4	49	64	1	0
561	74.125	74.25	F#4	49	64	1	0
562	74.5	74.875	F4	49	64	1	0
563	74.5543	75.3876	B-4	36	64	0	0
564	74.875	75.25	D4	49	64	1	0
565	75.25	75.375	E-4	49	64	1	0
566	75.375	75.625	E-4	49	64	1	0
567	75.625	76.375	D4	49	64	1	0
568	75.75	75.875	F#4	49	64	1	0
569	75.875	76	B-4	49	64	1	0
570	76	76.125	B-4	49	64	1	0
571	76.125	76.25	F#5	49	64	1	0
572	76.1771	77.566	F5	33	64	0	0
573	76.1771	77.566	B-5	33	64	0	0
574	76.1771	77.566	F6	33	64	0	0
575	76.25	77	B-5	49	64	1	0
576	76.375	77.125	E-4	49	64	1	0
577	76.5	76.625	F#4	49	64	1	0
578	76.625	76.75	B-4	49	64	1	0
579	76.75	76.875	B-4	49	64	1	0
580	76.875	77	F#5	49	64	1	0
581	77	77.125	B-5	49	64	1	0
582	77.125	77.375	G#3	49	64	1	0
583	77.125	77.25	C4	49	64	1	0
584	77.25	77.375	E4	49	64	1	0
585	77.375	77.875	G#3	49	64	1	0
586	77.375	77.5	G#4	49	64	1	0
587	77.5	77.625	C5	49	64	1	0
588	77.566	78.1215	E-5	33	64	0	0
589	77.566	78.1215	B-5	33	64	0	0
590	77.566	78.1215	E-6	33	64	0	0
591	77.625	77.75	E5	49	64	1	0
592	77.75	77.875	G#5	49	64	1	0
593	77.875	78.625	C#3	49	64	1	0
594	78	78.125	G#3	49	64	1	0
595	78.1215	78.6771	E-5	33	64	0	0
596	78.1215	78.6771	B-5	33	64	0	0
597	78.1215	78.6771	E-6	33	64	0	0
598	78.125	78.25	C#4	49	64	1	0
599	78.25	78.375	F4	50	64	1	0
600	78.375	78.5	G#4	50	64	1	0
601	78.5	78.625	C#5	51	64	1	0
602	78.625	79.375	F3	51	64	1	0
603	78.625	78.75	G#3	51	64	1	0
604	78.6771	79.2034	E-5	33	64	0	0
605	78.6771	79.2034	B-5	33	64	0	0
606	78.6771	79.2034	E-6	33	64	0	0
607	78.75	78.875	C4	52	64	1	0
608	78.875	79	F4	52	64	1	0
609	79	79.125	G#4	52	64	1	0
610	79.125	79.25	C5	53	64	1	0
611	79.2034	79.7297	C#5	33	64	0	0
612	79.2034	79.7297	B-5	33	64	0	0
613	79.2034	79.7297	C#6	33	64	0	0
614	79.25	79.375	F5	53	64	1	0
615	79.375	80.125	G#3	54	64	1	0
616	79.375	79.5	B3	54	64	1	0
617	79.5	79.625	E4	54	64	1	0
618	79.625	79.75	G#4	55	64	1	0
619	79.7297	80.256	C#5	33	64	0	0
620	79.7297	80.256	B-5	33	64	0	0
621	79.7297	80.256	C#6	33	64	0	0
622	79.75	79.875	B4	55	64	1	0
623	79.875	80	E5	55	64	1	0
624	80	80.125	G#5	56	64	1	0
625	80.125	80.875	C#3	56	64	1	0
626	80.25	80.375	G#3	57	64	1	0
627	80.256	80.756	C#5	33	64	0	0
628	80.256	80.756	B-5	33	64	0	0
629	80.256	80.756	C#6	33	64	0	0
630	80.375	80.5	C#4	57	64	1	0
631	80.5	80.625	F4	58	64	1	0
632	80.625	80.75	G#4	58	64	1	0
633	80.75	80.875	C#5	59	64	1	0
634	80.756	81.256	C5	33	64	0	0
635	80.756	81.256	F#5	33	64	0	0
636	80.756	81.256	B-5	33	64	0	0
637	80.756	81.256	C6	33	64	0	0
638	80.875	81.375	F3	59	64	1	0
639	80.875	81	G#3	59	64	1	0
640	81	81.125	C4	59	64	1	0
641	81.125	81.25	F4	60	64	1	0
642	81.25	81.375	G#4	60	64	1	0
643	81.256	81.756	C5	33	64	0	0
644	81.256	81.756	F#5	33	64	0	0
645	81.256	81.756	B-5	33	64	0	0
646	81.256	81.756	C6	33	64	0	0
647	81.375	81.625	F3	59	64	1	0
648	81.375	81.5	C5	61	64	1	0
649	81.5	81.625	F5	61	64	1	0
650	81.625	82.375	G#3	62	64	1	0
651	81.625	81.75	B3	62	64	1	0
652	81.75	81.875	E4	62	64	1	0
653	81.756	82.5455	C5	33	64	0	0
654	81.756	82.5455	F#5	33	64	0	0
655	81.756	82.5455	B-5	33	64	0	0
656	81.756	82.5455	C6	33	64	0	0
657	81.875	82	G#4	62	64	1	0
658	82	82.125	B4	63	64	1	0
659	82.25	82.375	E5	64	64	1	0
660	82.375	83.125	B3	64	64	1	0
661	82.375	82.5	C#4	64	64	1	0
662	82.5	82.625	E4	65	64	1	0
663	82.5455	83.3788	C#5	33	64	0	0
664	82.5455	83.3788	B-5	33	64	0	0
665	82.5455	83.3788	C#6	33	64	0	0
666	82.625	82.75	G#4	65	64	1	0
667	82.75	83.125	B4	65	64	1	0
668	83.125	83.375	C#4	67	64	1	0
669	83.125	83.25	E4	67	64	1	0
670	83.25	83.375	G#4	67	64	1	0
671	83.375	83.875	C#4	67	64	1	0
672	83.375	83.5	B4	68	64	1	0
673	83.3788	85.0455	B-4	33	64	0	0
674	83.3788	85.0455	F#5	33	64	0	0
675	83.3788	85.0455	B-5	33	64	0	0
676	83.5	83.875	C#5	68	64	1	0
677	83.875	84.625	E4	69	64	1	0
678	83.875	84	G#4	69	64	1	0
679	84	84.125	B4	70	64	1	0
680	84.125	84.25	C#5	70	64	1	0
681	84.25	84.625	E5	71	64	1	0
682	84.625	85.375	G#4	72	64	1	0
683	84.75	84.875	A4	72	64	1	0
684	84.875	85	C#5	73	64	1	0
685	85	85.125	G#5	73	64	1	0
686	85.0455	87.2239	B-2	33	64	0	0
687	85.125	85.25	C#6	74	64	1	0
688	85.25	85.375	A5	74	64	1	0
689	85.375	86.125	F#4	75	64	1	0
690	85.5	85.625	A4	75	64	1	0
691	85.625	85.75	C#5	75	64	1	0
692	85.75	85.875	F#5	76	64	1	0
693	85.835	87.2239	F5	33	64	0	0
694	85.835	87.2239	B-5	33	64	0	0
695	85.835	87.2239	F6	33	64	0	0
696	85.875	86	C#6	76	64	1	0
697	86	86.125	A5	77	64	1	0
698	86.125	86.875	F4	77	64	1	0
699	86.125	86.25	F#4	77	64	1	0
700	86.25	86.375	A4	78	64	1	0
701	86.375	86.5	C#5	78	64	1	0
702	86.5	86.625	F#5	79	64	1	0
703	86.625	86.75	C#6	79	64	1	0
704	86.75	86.875	A5	79	64	1	0
705	86.875	87.375	E4	80	64	1	0
706	86.875	87	F#4	80	64	1	0
707	87	87.125	A4	80	64	1	0
708	87.125	87.25	C#5	81	64	1	0
709	87.2239	87.7794	F#5	33	64	0	0
710	87.2239	87.7794	B-5	33	64	0	0
711	87.2239	87.7794	F#6	33	64	0	0
712	87.25	87.375	F#5	81	64	1	0
713	87.375	87.625	E4	80	64	1	0
714	87.375	87.5	C#6	82	64	1	0
715	87.5	87.625	A5	82	64	1	0
716	87.625	88.375	E-4	82	64	1	0
717	87.625	87.75	F#4	82	64	1	0
718	87.75	87.875	A4	83	64	1	0
719	87.7794	88.335	F5	33	64	0	0
720	87.7794	88.335	B-5	33	64	0	0
721	87.7794	88.335	F6	33	64	0	0
722	87.875	88	C#5	83	64	1	0
723	88	88.125	F#5	84	64	1	0
724	88.125	88.25	C#6	84	64	1	0
725	88.25	88.375	A5	85	64	1	0
726	88.335	88.8613	E-5	33	64	0	0
727	88.335	88.8613	B-5	33	64	0	0
728	88.335	88.8613	E-6	33	64	0	0
729	88.375	89.125	C#4	85	64	1	0
730	88.375	88.5	E4	85	64	1	0
731	88.5	88.625	A4	85	64	1	0
732	88.625	88.75	C#5	86	64	1	0
733	88.75	88.875	E5	86	64	1	0
734	88.8613	89.3876	F5	33	64	0	0
735	88.8613	89.3876	B-5	33	64	0	0
736	88.8613	89.3876	F6	33	64	0	0
737	89	89.125	C#6	87	64	1	0
738	89.125	89.375	B3	88	64	1	0
739	89.25	89.375	E-4	88	64	1	0
740	89.375	89.875	B3	88	64	1	0
741	89.375	89.5	F#4	89	64	1	0
742	89.3876	89.9139	E-5	33	64	0	0
743	89.3876	89.9139	B-5	33	64	0	0
744	89.3876	89.9139	E-6	33	64	0	0
745	89.5	89.625	F#4	89	64	1	0
746	89.625	89.75	C#5	89	64	1	0
747	89.75	89.875	A4	90	64	1	0
748	89.875	90.625	A3	90	64	1	0
749	89.9139	90.4139	C#5	33	64	0	0
750	89.9139	90.4139	B-5	33	64	0	0
751	89.9139	90.4139	C#6	33	64	0	0
752	90	90.125	C#4	91	64	1	0
753	90.125	90.25	E4	91	64	1	0
754	90.25	90.375	F#4	92	64	1	0
755	90.375	90.5	C#5	92	64	1	0
756	90.4139	90.9139	E-5	33	64	0	0
757	90.4139	90.9139	B-5	33	64	0	0
758	90.4139	90.9139	E-6	33	64	0	0
759	90.5	90.625	A4	92	64	1	0
760	90.625	91.375	G#3	93	64	1	0
761	90.75	90.875	C#4	93	64	1	0
762	90.875	91	E4	94	64	1	0
763	90.9139	91.4139	C#5	33	64	0	0
764	90.9139	91.4139	B-5	33	64	0	0
765	90.9139	91.4139	C#6	33	64	0	0
766	91	91.125	A4	94	64	1	0
767	91.125	91.25	E5	95	64	1	0
768	91.25	91.375	A5	95	64	1	0
769	91.375	93.375	F#3	96	64	1	0
770	91.4139	92.2034	B-5	33	64	0	0
771	91.4139	92.2034	C6	33	64	0	0
772	91.5	91.625	C#4	96	64	1	0
773	91.625	91.75	E4	96	64	1	0
774	91.75	91.875	F#4	96	64	1	0
775	91.875	92	A4	96	64	1	0
776	92	92.125	C#5	96	64	1	0
777	92.125	92.25	E5	96	64	1	0
778	92.2034	93.0367	C#5	33	64	0	0
779	92.2034	93.0367	B-5	33	64	0	0
780	92.2034	93.0367	C#6	33	64	0	0
781	92.2034	92.4812	E-6	33	64	0	0
782	92.25	92.375	F#5	96	64	1	0
783	92.375	92.5	E5	96	64	1	0
784	92.5	92.625	C#5	96	64	1	0
785	92.625	92.75	A4	96	64	1	0
786	92.75	92.875	F#4	96	64	1	0
787	92.875	93	E4	96	64	1	0
788	93	93.125	F#4	96	64	1	0
789	93.0367	94.7034	B-4	33	64	0	0
790	93.0367	94.7034	F#5	33	64	0	0
791	93.0367	94.7034	B-5	33	64	0	0
792	93.125	93.25	E4	96	64	1	0
793	93.25	93.375	C#4	96	64	1	0
794	93.375	93.5	F#3	96	64	1	0
795	93.375	93.5	A3	96	64	1	0
796	93.5	93.625	F#3	96	64	1	0
797	93.625	93.75	F#2	96	64	1	0
798	93.75	93.875	C#3	93	64	1	0
799	93.875	94	E3	89	64	1	0
800	94	94.125	F#3	86	64	1	0
801	94.125	94.25	A3	82	64	1	0
802	94.25	94.375	C#4	79	64	1	0
803	94.375	94.5	E4	75	64	1	0
804	94.5	94.625	C#4	72	64	1	0
805	94.625	94.75	A3	68	64	1	0
806	94.7034	95.4929	B-4	33	64	0	0
807	94.7034	95.4929	F#5	33	64	0	0
808	94.7034	95.4929	B-5	33	64	0	0
809	94.75	94.875	F#3	65	64	1	0
810	94.875	95	E3	61	64	1	0
811	95	95.125	C#3	58	64	1	0
812	95.125	95.25	F#2	54	64	1	0
813	95.25	95.375	C#3	51	64	1	0
814	95.375	95.5	F#2	47	64	1	0
815	95.4929	96.2823	F#4	34	64	0	0
816	95.4929	96.2823	F#5	34	64	0	0
817	95.5	95.625	C#3	44	64	1	0
818	95.625	95.75	F#2	40	64	1	0
819	95.75	95.875	C#3	37	64	1	0
820	95.875	96	G#2	33	64	1	0
821	96	96.125	E-3	33	64	1	0
822	96.125	96.25	G#2	33	64	1	0
823	96.25	96.375	E-3	33	64	1	0
824	96.2823	97.0718	G#4	35	64	0	0
825	96.2823	97.0718	E-5	35	64	0	0
826	96.2823	97.0718	G#5	35	64	0	0
827	96.375	96.5	G#2	33	64	1	0
828	96.5	96.625	E-3	33	64	1	0
829	96.625	96.75	G#2	33	64	1	0
830	96.75	96.875	E-3	33	64	1	0
831	96.875	97	G#2	33	64	1	0
832	97	97.125	E-3	33	64	1	0
833	97.0718	97.8613	C5	36	64	0	0
834	97.0718	97.8613	C6	36	64	0	0
835	97.125	97.25	G#2	33	64	1	0
836	97.25	97.375	E-3	33	64	1	0
837	97.375	97.5	G#2	33	64	1	0
838	97.5	97.625	E-3	33	64	1	0
839	97.625	97.75	G#2	33	64	1	0
840	97.75	97.875	E-3	33	64	1	0
841	97.8613	98.6508	B-4	38	64	0	0
842	97.8613	98.6508	F#5	38	64	0	0
843	97.8613	98.6508	B-5	38	64	0	0
844	97.875	98	G#2	33	64	1	0
845	98	98.125	E-3	33	64	1	0
846	98.125	98.25	G#2	33	64	1	0
847	98.25	98.375	E-3	33	64	1	0
848	98.375	98.5	G#2	33	64	1	0
849	98.5	98.625	E-3	33	64	1	0
850	98.625	98.75	G#2	33	64	1	0
851	98.6508	99.4402	F#4	39	64	0	0
852	98.6508	99.4402	F#5	39	64	0	0
853	98.75	98.875	E-3	33	64	1	0
854	98.875	99	G#2	33	64	1	0
855	99	99.125	E-3	33	64	1	0
856	99.125	99.25	G#2	33	64	1	0
857	99.25	99.375	E-3	33	64	1	0
858	99.375	99.5	G#2	33	64	1	0
859	99.5	99.625	E-3	33	64	1	0
860	99.625	99.75	G#2	33	64	1	0
861	99.75	99.875	E-3	33	64	1	0
862	99.875	100	G#2	33	64	1	0
863	99.9402	100.44	F#4	41	64	0	0
864	99.9402	100.44	C5	41	64	0	0
865	99.9402	100.44	E-5	41	64	0	0
866	99.9402	100.44	F#5	41	64	0	0
867	100	100.125	E-3	33	64	1	0
868	100.125	100.25	G#2	33	64	1	0
869	100.25	100.375	E-3	33	64	1	0
870	100.375	100.5	G#2	33	64	1	0
871	100.44	100.94	F#4	42	64	0	0
872	100.44	100.94	C5	42	64	0	0
873	100.44	100.94	E-5	42	64	0	0
874	100.44	100.94	F#5	42	64	0	0
875	100.5	100.625	E-2	33	64	1	0
876	100.625	100.75	G#2	33	64	1	0
877	100.75	100.875	E-3	33	64	1	0
878	100.875	101	G#2	33	64	1	0
879	100.94	101.44	F#4	43	64	0	0
880	100.94	101.44	C5	43	64	0	0
881	100.94	101.44	E-5	43	64	0	0
882	100.94	101.44	F#5	43	64	0	0
883	101	101.125	E-3	33	64	1	0
884	101.125	101.25	G#3	33	64	1	0
885	101.25	101.375	E-3	33	64	1	0
886	101.375	101.5	G#3	33	64	1	0
887	101.44	101.94	F#4	44	64	0	0
888	101.44	101.94	C5	44	64	0	0
889	101.44	101.94	E-5	44	64	0	0
890	101.44	101.94	F#5	44	64	0	0
891	101.5	101.625	E-4	33	64	1	0
892	101.625	101.75	G#3	33	64	1	0
893	101.75	101.875	E-3	33	64	1	0
894	101.875	102	G#3	33	64	1	0
895	101.94	102.44	G#4	45	64	0	0
896	101.94	102.44	C5	45	64	0	0
897	101.94	102.44	E-5	45	64	0	0
898	101.94	102.44	G#5	45	64	0	0
899	102	102.125	E-3	33	64	1	0
900	102.125	102.25	G#2	33	64	1	0
901	102.25	102.375	E-3	33	64	1	0
902	102.375	102.5	G#2	33	64	1	0
903	102.44	103.94	F#4	46	64	0	0
904	102.44	103.94	C5	46	64	0	0
905	102.44	103.94	E-5	46	64	0	0
906	102.44	103.94	F#5	46	64	0	0
907	102.5	102.625	E-2	33	64	1	0
908	102.625	102.75	G#2	33	64	1	0
909	102.75	102.875	E-2	33	64	1	0
910	102.875	103	G#2	33	64	1	0
911	103	103.125	E-3	33	64	1	0
912	103.125	103.25	G#2	33	64	1	0
913	103.25	103.375	E-3	33	64	1	0
914	103.375	103.5	G#3	33	64	1	0
915	103.5	103.625	E-3	33	64	1	0
916	103.625	103.75	G#3	33	64	1	0
917	103.75	103.875	E-4	33	64	1	0
918	103.875	104	G#3	33	64	1	0
919	104	104.125	E-3	33	64	1	0
920	104.125	104.25	G#3	33	64	1	0
921	104.25	104.375	E-3	33	64	1	0
922	104.375	104.5	G#3	33	64	1	0
923	104.5	104.625	E-3	33	64	1	0
924	104.625	104.75	G#3	33	64	1	0
925	104.655	105.369	F#4	49	64	0	0
926	104.655	106.083	C#5	49	64	0	0
927	104.655	105.369	F#5	49	64	0	0
928	104.75	104.875	E-3	33	64	1	0
929	104.875	105.375	F#3	33	64	1	0
930	104.875	105.375	C#4	33	64	1	0
931	105.369	106.083	G#4	51	64	0	0
932	105.369	106.083	G#5	51	64	0	0
933	105.375	105.625	G#3	33	64	1	0
934	105.375	106.125	C#4	33	64	1	0
935	105.625	106.125	B-3	33	64	1	0
936	106.083	106.797	C#5	52	64	0	0
937	106.083	106.797	C#6	52	64	0	0
938	106.125	106.375	C#4	33	64	1	0
939	106.375	107.125	C4	33	64	1	0
940	106.5	106.625	E-4	33	64	1	0
941	106.625	106.75	F#4	33	64	1	0
942	106.75	106.875	B-4	33	64	1	0
943	106.797	107.512	B-4	53	64	0	0
944	106.797	107.512	F#5	53	64	0	0
945	106.797	107.512	B-5	53	64	0	0
946	106.875	107	C5	33	64	1	0
947	107	107.125	E-5	33	64	1	0
948	107.125	107.375	F#3	33	64	1	0
949	107.125	107.375	C#4	33	64	1	0
950	107.375	107.625	F#3	33	64	1	0
951	107.375	108.375	C#4	33	64	1	0
952	107.512	108.226	F#4	55	64	0	0
953	107.512	108.226	F#5	55	64	0	0
954	107.625	107.875	G#3	33	64	1	0
955	107.875	108.375	B-3	33	64	1	0
956	108.375	108.625	C#4	33	64	1	0
957	108.625	109.375	C4	33	64	1	0
958	108.68	109.135	F#4	57	64	0	0
959	108.68	109.135	B-4	57	64	0	0
960	108.68	109.135	E-5	57	64	0	0
961	108.68	109.135	F#5	57	64	0	0
962	108.75	108.875	E-4	33	64	1	0
963	108.875	109	F#4	33	64	1	0
964	109	109.125	B-4	33	64	1	0
965	109.125	109.25	C5	33	64	1	0
966	109.135	109.59	F#4	58	64	0	0
967	109.135	109.59	B-4	58	64	0	0
968	109.135	109.59	E-5	58	64	0	0
969	109.135	109.59	F#5	58	64	0	0
970	109.25	109.375	E-5	33	64	1	0
971	109.375	110.125	F#4	33	64	1	0
972	109.5	109.625	B-4	33	64	1	0
973	109.59	110.044	F#4	59	64	0	0
974	109.59	110.044	B-4	59	64	0	0
975	109.59	110.044	E-5	59	64	0	0
976	109.59	110.044	F#5	59	64	0	0
977	109.625	109.75	C#5	33	64	1	0
978	109.75	109.875	E-5	33	64	1	0
979	109.875	110	F#5	33	64	1	0
980	110	110.125	B-5	33	64	1	0
981	110.044	110.499	F#4	59	64	0	0
982	110.044	110.499	B-4	59	64	0	0
983	110.044	110.499	E-5	59	64	0	0
984	110.044	110.499	F#5	59	64	0	0
985	110.125	110.875	F#4	33	64	1	0
986	110.25	110.375	B-4	33	64	1	0
987	110.375	110.5	C#5	33	64	1	0
988	110.499	110.953	G#4	60	64	0	0
989	110.499	110.953	C5	60	64	0	0
990	110.499	110.953	F5	60	64	0	0
991	110.499	110.953	G#5	60	64	0	0
992	110.5	110.625	E-5	33	64	1	0
993	110.625	110.75	F#5	33	64	1	0
994	110.75	110.875	C6	33	64	1	0
995	110.875	111.375	F#4	33	64	1	0
996	110.953	112.317	F#4	61	64	0	0
997	110.953	112.317	B-4	61	64	0	0
998	110.953	112.317	E-5	61	64	0	0
999	110.953	112.317	F#5	61	64	0	0
1000	111	111.125	B-4	33	64	1	0
1001	111.125	111.25	C#5	33	64	1	0
1002	111.25	111.375	E-5	33	64	1	0
1003	111.375	111.625	F#4	33	64	1	0
1004	111.375	111.5	F#5	33	64	1	0
1005	111.5	111.625	B-5	33	64	1	0
1006	111.625	112.375	F#4	33	64	1	0
1007	111.75	111.875	A4	33	64	1	0
1008	111.875	112	C#5	33	64	1	0
1009	112	112.125	E-5	33	64	1	0
1010	112.125	112.25	F#5	33	64	1	0
1011	112.25	112.375	A5	33	64	1	0
1012	112.375	113.125	F#4	33	64	1	0
1013	112.5	112.625	A4	33	64	1	0
1014	112.625	112.75	C#5	33	64	1	0
1015	112.75	112.875	E-5	33	64	1	0
1016	112.875	113	F#5	33	64	1	0
1017	112.969	113.621	F#4	65	64	0	0
1018	112.969	114.926	B-4	65	64	0	0
1019	112.969	114.926	C#5	65	64	0	0
1020	112.969	113.621	F#5	65	64	0	0
1021	113	113.125	B5	33	64	1	0
1022	113.125	113.375	F#4	33	64	1	0
1023	113.25	113.375	A4	33	64	1	0
1024	113.375	113.875	F#4	33	64	1	0
1025	113.375	113.5	C#5	33	64	1	0
1026	113.5	113.625	E-5	33	64	1	0
1027	113.621	114.273	G#4	66	64	0	0
1028	113.621	114.273	G#5	66	64	0	0
1029	113.625	113.75	F#5	33	64	1	0
1030	113.75	113.875	A5	33	64	1	0
1031	113.875	115.375	F4	24	64	1	0
1032	114	114.125	G#4	24	64	1	0
1033	114.125	114.25	C5	24	64	1	0
1034	114.25	114.375	F5	24	64	1	0
1035	114.273	114.926	E-5	68	64	0	0
1036	114.273	114.926	E-6	68	64	0	0
1037	114.375	114.5	G#5	24	64	1	0
1038	114.5	114.625	C6	24	64	1	0
1039	114.926	115.578	C#5	69	64	0	0
1040	114.926	116.23	F#5	69	64	0	0
1041	114.926	115.578	B-5	69	64	0	0
1042	114.926	115.578	C#6	69	64	0	0
1043	115.375	116.125	F4	24	64	1	0
1044	115.578	116.23	B-4	70	64	0	0
1045	115.578	116.23	B-5	70	64	0	0
1046	116.125	117.375	F4	24	64	1	0
1047	116.25	116.375	A4	24	64	1	0
1048	116.375	116.5	C5	24	64	1	0
1049	116.5	116.625	E-5	24	64	1	0
1050	116.625	116.75	F5	24	64	1	0
1051	116.647	117.063	B-4	73	64	0	0
1052	116.647	117.063	F#5	73	64	0	0
1053	116.647	117.063	B-5	73	64	0	0
1054	116.75	116.875	A5	24	64	1	0
1055	117.063	117.48	B-4	73	64	0	0
1056	117.063	117.48	F#5	73	64	0	0
1057	117.063	117.48	B-5	73	64	0	0
1058	117.375	117.625	F4	24	64	1	0
1059	117.48	117.897	B-4	74	64	0	0
1060	117.48	117.897	F#5	74	64	0	0
1061	117.48	117.897	B-5	74	64	0	0
1062	117.625	118.375	F4	24	64	1	0
1063	117.897	118.313	B-4	75	64	0	0
1064	117.897	118.313	F#5	75	64	0	0
1065	117.897	118.313	B-5	75	64	0	0
1066	118.313	118.73	C5	76	64	0	0
1067	118.313	118.73	G#5	76	64	0	0
1068	118.313	118.73	C6	76	64	0	0
1069	118.375	119.375	F4	24	64	1	0
1070	118.5	118.625	G#4	24	64	1	0
1071	118.625	118.75	B-4	24	64	1	0
1072	118.73	119.147	B-4	77	64	0	0
1073	118.73	119.147	F#5	77	64	0	0
1074	118.73	119.147	B-5	77	64	0	0
1075	118.75	118.875	C#5	24	64	1	0
1076	118.875	119	F5	24	64	1	0
1077	119	119.125	G#5	24	64	1	0
1078	119.147	119.563	C#5	78	64	0	0
1079	119.147	119.563	B-5	78	64	0	0
1080	119.147	119.563	C#6	78	64	0	0
1081	119.375	119.875	F4	24	64	1	0
1082	119.563	119.98	E-5	79	64	0	0
1083	119.563	119.98	B-5	79	64	0	0
1084	119.563	119.98	E-6	79	64	0	0
1085	119.875	120.625	F4	24	64	1	0
1086	120.625	121.375	E-4	24	64	1	0
1087	120.75	120.875	F#4	24	64	1	0
1088	120.875	121	G#4	24	64	1	0
1089	121	121.125	C5	24	64	1	0
1090	121.125	121.25	E-5	24	64	1	0
1091	121.25	121.375	F#5	24	64	1	0
1092	121.375	122.125	E-4	24	64	1	0
1093	122.125	122.875	E-4	24	64	1	0
1094	122.875	123.375	C#4	24	64	1	0
1095	123	123.125	E-4	24	64	1	0
1096	123.125	123.25	F#4	24	64	1	0
1097	123.25	123.375	B-4	24	64	1	0
1098	123.375	124.375	C#4	24	64	1	0
1099	123.375	123.5	C#5	24	64	1	0
1100	123.5	123.625	E-5	24	64	1	0
1101	124.375	125.042	C4	24	64	1	0
1102	124.375	125.042	E-4	24	64	1	0
1103	124.375	125.042	F4	24	64	1	0
1104	124.5	125.125	G#4	24	64	1	0
1105	124.5	125.125	C5	24	64	1	0
1106	125.125	125.375	C3	24	64	1	0
1107	125.25	125.375	F#3	24	64	1	0
1108	125.375	126.625	C3	24	64	1	0
1109	125.375	125.5	B-3	24	64	1	0
1110	125.5	125.625	C4	24	64	1	0
1111	125.625	125.75	E-4	24	64	1	0
1112	125.75	125.875	F#4	24	64	1	0
1113	125.875	126.625	B-4	24	64	1	0
1114	126.625	127.375	F3	24	64	1	0
1115	126.625	127.375	C4	24	64	1	0
1116	126.625	127.375	E-4	24	64	1	0
1117	127.375	128.875	G#3	24	64	1	0
1118	127.5	127.625	B-3	24	64	1	0
1119	127.625	127.75	C#4	24	64	1	0
1120	127.75	127.875	F4	24	64	1	0
1121	127.875	128	G#4	24	64	1	0
1122	128	128.125	B-4	24	64	1	0
1123	128.875	129.375	F#3	24	64	1	0
1124	128.875	129.375	B-3	24	64	1	0
1125	128.875	129.375	C#4	24	64	1	0
1126	129	129.375	E-4	24	64	1	0
1127	129.542	129.708	F#3	24	64	1	0
1128	129.542	129.708	B-3	24	64	1	0
1129	129.542	129.708	C#4	24	64	1	0
1130	129.542	129.792	E-4	24	64	1	0
1131	129.792	131.292	F3	24	64	1	0
1132	129.917	130.042	G#3	24	64	1	0
1133	130.042	130.167	B-3	24	64	1	0
1134	130.166	132.041	F4	33	64	0	0
1135	130.166	132.041	G#4	33	64	0	0
1136	130.167	130.292	C#4	24	64	1	0
1137	130.292	130.417	F4	24	64	1	0
1138	130.417	130.542	G#4	24	64	1	0
1139	131.292	131.542	E-3	24	64	1	0
1140	131.292	131.542	F#3	24	64	1	0
1141	131.292	131.542	C4	24	64	1	0
1142	131.542	131.667	E-3	24	64	1	0
1143	131.542	132.042	F#3	24	64	1	0
1144	131.542	132.042	C4	24	64	1	0
1145	131.667	132.042	G#2	24	64	1	0
1146	132.041	132.822	G#4	33	64	0	0
1147	132.041	132.666	B4	33	64	0	0
1148	132.042	133.042	C#2	33	64	1	0
1149	132.042	133.042	G#2	33	64	1	0
1150	132.292	132.542	F3	33	64	1	0
1151	132.292	132.542	G#3	33	64	1	0
1152	132.542	133.542	F4	33	64	1	0
1153	132.542	133.542	G#4	33	64	1	0
1154	132.666	132.978	C#5	33	64	0	0
1155	132.792	133.542	B3	39	64	1	0
1156	132.978	134.853	F4	33	64	0	0
1157	132.978	134.853	G#4	33	64	0	0
1158	133.542	134.292	B3	39	64	1	0
1159	133.542	134.208	F4	33	64	1	0
1160	133.542	134.208	G#4	33	64	1	0
1161	134.292	135.292	F#2	33	64	1	0
1162	134.292	134.542	C#3	33	64	1	0
1163	134.542	135.542	C#3	33	64	1	0
1164	134.542	135.542	F#3	33	64	1	0
1165	134.542	135.542	B-3	33	64	1	0
1166	134.542	135.542	C#4	33	64	1	0
1167	134.853	135.478	G#4	33	64	0	0
1168	134.853	135.478	B4	33	64	0	0
1169	135.478	135.791	G#4	33	64	0	0
1170	135.542	136.417	C#3	33	64	1	0
1171	135.542	136.417	F#3	33	64	1	0
1172	135.542	136.417	B-3	33	64	1	0
1173	135.542	136.417	C#4	33	64	1	0
1174	135.791	136.416	F4	33	64	0	0
1175	135.791	136.416	C#5	33	64	0	0
1176	136.416	136.728	G#4	34	64	0	0
1177	136.416	136.728	E-5	34	64	0	0
1178	136.542	137.542	G#2	33	64	1	0
1179	136.728	137.666	C#5	35	64	0	0
1180	136.728	137.666	F5	35	64	0	0
1181	136.792	137.292	F3	33	64	1	0
1182	136.792	137.292	G#3	33	64	1	0
1183	137.292	137.542	B3	33	64	1	0
1184	137.292	137.542	C#4	33	64	1	0
1185	137.292	137.542	F4	33	64	1	0
1186	137.542	137.917	G#2	33	64	1	0
1187	137.542	138.667	B3	33	64	1	0
1188	137.542	138.042	C#4	33	64	1	0
1189	137.542	138.042	F4	33	64	1	0
1190	137.666	138.291	F4	38	64	0	0
1191	137.666	138.291	C#5	38	64	0	0
1192	138.042	138.792	C#4	33	64	1	0
1193	138.291	138.603	C#5	40	64	0	0
1194	138.291	138.603	F5	40	64	0	0
1195	138.603	138.916	E-5	41	64	0	0
1196	138.603	138.916	G5	41	64	0	0
1197	138.792	139.542	B-2	33	64	1	0
1198	138.916	139.228	C#5	41	64	0	0
1199	138.916	139.228	F5	41	64	0	0
1200	139.042	139.542	F3	33	64	1	0
1201	139.042	139.542	B-3	33	64	1	0
1202	139.042	139.542	E-4	33	64	1	0
1203	139.228	139.541	B-4	42	64	0	0
1204	139.228	139.541	C#5	42	64	0	0
1205	139.541	139.853	G4	43	64	0	0
1206	139.541	140.478	B-4	43	64	0	0
1207	139.541	140.478	C#5	43	64	0	0
1208	139.542	139.792	B-2	33	64	1	0
1209	139.542	140.917	F3	33	64	1	0
1210	139.542	140.917	B-3	33	64	1	0
1211	139.542	140.167	E-4	33	64	1	0
1212	139.853	140.166	F4	44	64	0	0
1213	140.166	140.478	C#4	45	64	0	0
1214	140.292	141.042	C#4	33	64	1	0
1215	140.478	140.947	C#4	46	64	0	0
1216	140.947	141.416	B-3	47	64	0	0
1217	141.042	141.542	F2	33	64	1	0
1218	141.416	143.291	B-4	49	64	0	0
1219	141.542	143.167	F2	33	64	1	0
1220	143.291	143.916	C5	49	64	0	0
1221	143.292	143.542	E-2	33	64	1	0
1222	143.542	144.667	E-2	33	64	1	0
1223	143.916	144.072	G#4	49	64	0	0
1224	143.916	144.072	F5	49	64	0	0
1225	144.042	144.792	E-3	33	64	1	0
1226	144.072	144.228	F4	49	64	0	0
1227	144.228	146.103	B-4	49	64	0	0
1228	144.792	145.542	E-4	33	64	1	0
1229	145.542	147.042	G#2	33	64	1	0
1230	145.917	146.292	E-3	33	64	1	0
1231	146.103	146.728	C5	49	64	0	0
1232	146.292	147.042	G#5	33	64	1	0
1233	146.728	146.885	G#4	49	64	0	0
1234	146.728	146.885	F5	49	64	0	0
1235	146.885	147.041	F4	49	64	0	0
1236	147.041	148.447	F#5	49	64	0	0
1237	147.042	147.542	G#3	33	64	1	0
1238	147.542	147.792	G#3	33	64	1	0
1239	147.792	148.542	C#2	33	64	1	0
1240	147.917	148.042	G#2	33	64	1	0
1241	148.042	148.167	C#3	33	64	1	0
1242	148.135	148.447	F#4	49	64	0	0
1243	148.167	148.292	F3	33	64	1	0
1244	148.291	148.447	B-4	49	64	0	0
1245	148.292	148.417	G#3	33	64	1	0
1246	148.417	148.542	C#4	33	64	1	0
1247	148.447	148.916	F5	49	64	0	0
1248	148.542	149.292	F2	33	64	1	0
1249	148.603	148.76	F#4	49	64	0	0
1250	148.667	148.792	C3	32	64	1	0
1251	148.76	148.916	B-4	49	64	0	0
1252	148.792	148.917	F3	32	64	1	0
1253	148.916	149.385	D5	49	64	0	0
1254	148.917	149.042	G#3	32	64	1	0
1255	149.042	149.167	C4	32	64	1	0
1256	149.072	149.228	F#4	49	64	0	0
1257	149.167	149.292	F4	32	64	1	0
1258	149.228	149.385	B-4	49	64	0	0
1259	149.292	149.542	C#2	32	64	1	0
1260	149.385	149.853	E-5	49	64	0	0
1261	149.417	149.542	G#2	31	64	1	0
1262	149.541	149.697	F#4	49	64	0	0
1263	149.542	150.042	C#2	32	64	1	0
1264	149.542	149.667	C#3	31	64	1	0
1265	149.667	149.792	F3	31	64	1	0
1266	149.697	149.853	B-4	49	64	0	0
1267	149.792	149.917	G#3	31	64	1	0
1268	149.853	150.635	B-5	49	64	0	0
1269	149.917	150.042	C#4	31	64	1	0
1270	150.042	150.792	F2	31	64	1	0
1271	150.167	150.292	C3	31	64	1	0
1272	150.292	150.417	F3	30	64	1	0
1273	150.417	150.542	G#3	30	64	1	0
1274	150.542	150.667	C4	30	64	1	0
1275	150.667	150.792	F4	30	64	1	0
1276	150.792	151.542	G#2	30	64	1	0
1277	150.917	151.042	E3	30	64	1	0
1278	151.042	151.167	G#3	29	64	1	0
1279	151.167	151.292	B3	29	64	1	0
1280	151.292	151.417	E4	29	64	1	0
1281	151.417	151.542	F#4	29	64	1	0
1282	151.542	152.292	G#2	30	64	1	0
1283	151.542	152.292	G#4	29	64	1	0
1284	151.728	152.51	G#5	49	64	0	0
1285	152.292	153.042	C#3	28	64	1	0
1286	152.417	152.542	G#3	28	64	1	0
1287	152.542	152.667	C#4	28	64	1	0
1288	152.666	154.541	F5	49	64	0	0
1289	152.666	154.541	G#5	49	64	0	0
1290	152.667	152.792	F4	27	64	1	0
1291	152.792	152.917	G#4	27	64	1	0
1292	152.917	153.042	C#5	27	64	1	0
1293	153.042	153.542	F3	27	64	1	0
1294	153.167	153.292	C4	27	64	1	0
1295	153.292	153.417	F4	27	64	1	0
1296	153.417	153.542	G#4	26	64	1	0
1297	153.542	153.792	F3	27	64	1	0
1298	153.542	153.667	C5	26	64	1	0
1299	153.667	153.792	F5	26	64	1	0
1300	153.792	154.542	C#3	26	64	1	0
1301	153.917	154.042	G#3	26	64	1	0
1302	154.042	154.167	C#4	26	64	1	0
1303	154.167	154.292	F4	25	64	1	0
1304	154.292	154.417	G#4	25	64	1	0
1305	154.417	154.542	C#5	25	64	1	0
1306	154.541	155.166	G#5	54	64	0	0
1307	154.541	155.166	B5	54	64	0	0
1308	154.542	155.292	F3	25	64	1	0
1309	154.667	154.792	C4	25	64	1	0
1310	154.792	154.917	F4	25	64	1	0
1311	154.917	155.042	G#4	25	64	1	0
1312	155.042	155.167	C5	24	64	1	0
1313	155.166	155.478	C#6	55	64	0	0
1314	155.167	155.292	F5	24	64	1	0
1315	155.292	155.542	G#3	24	64	1	0
1316	155.417	155.542	B3	24	64	1	0
1317	155.478	157.353	F5	56	64	0	0
1318	155.478	157.353	G#5	56	64	0	0
1319	155.542	156.792	G#3	24	64	1	0
1320	155.542	155.667	E4	24	64	1	0
1321	155.667	155.792	G#4	24	64	1	0
1322	155.792	155.917	B4	23	64	1	0
1323	155.917	156.792	E5	23	64	1	0
1324	156.792	157.542	G#3	22	64	1	0
1325	156.917	157.042	B3	22	64	1	0
1326	157.042	157.167	E4	22	64	1	0
1327	157.167	157.292	G#4	22	64	1	0
1328	157.292	157.417	B4	22	64	1	0
1329	157.353	157.978	G#5	62	64	0	0
1330	157.353	157.978	B5	62	64	0	0
1331	157.417	157.542	E5	21	64	1	0
1332	157.542	158.292	G#3	22	64	1	0
1333	157.542	158.292	E5	21	64	1	0
1334	157.978	158.291	G#5	63	64	0	0
1335	158.291	158.879	C#6	64	64	0	0
1336	158.292	159.042	G#2	20	64	1	0
1337	158.732	158.879	C#5	65	64	0	0
1338	158.879	159.173	G#5	66	64	0	0
1339	159.026	159.173	E5	66	64	0	0
1340	159.042	159.542	C#2	19	64	1	0
1341	159.167	159.292	G#2	19	64	1	0
1342	159.173	159.761	E6	67	64	0	0
1343	159.292	159.417	C#3	19	64	1	0
1344	159.417	159.542	F3	19	64	1	0
1345	159.542	160.542	C#2	19	64	1	0
1346	159.542	159.667	G#3	19	64	1	0
1347	159.614	159.761	E5	68	64	0	0
1348	159.667	159.792	C#4	19	64	1	0
1349	159.761	160.056	C#6	69	64	0	0
1350	159.792	160.042	F4	18	64	1	0
1351	159.909	160.056	G#5	69	64	0	0
1352	160.042	160.292	G#4	18	64	1	0
1353	160.056	160.644	G#6	69	64	0	0
1354	160.292	160.542	C#5	18	64	1	0
1355	160.497	160.644	G#5	71	64	0	0
1356	160.542	160.792	F5	17	64	1	0
1357	160.644	160.938	E6	71	64	0	0
1358	160.791	160.938	B5	72	64	0	0
1359	160.792	161.042	G#5	17	64	1	0
1360	160.938	161.82	G#6	72	64	0	0
1361	161.042	161.292	C#6	17	64	1	0
1362	161.292	161.542	C#4	16	64	1	0
1363	161.292	161.542	G#4	16	64	1	0
1364	161.292	161.542	C#5	16	64	1	0
1365	161.417	161.542	F5	16	64	1	0
1366	161.417	161.542	G#5	16	64	1	0
1367	161.417	161.542	C#6	16	64	1	0
1368	161.82	163.438	F#6	75	64	0	0
1369	162.667	163.792	C#4	16	64	1	0
1370	162.667	163.792	G#4	16	64	1	0
1371	162.667	163.792	C#5	16	64	1	0
1372	162.667	163.792	F5	16	64	1	0
1373	162.667	163.792	G#5	16	64	1	0
1374	162.667	163.792	C#6	16	64	1	0
1375	162.667	163.833	F6	16	64	1	0
1376	162.667	163.833	G#6	16	64	1	0
1377	163.585	165.35	F#6	80	64	0	0
1378	165.35	165.938	A6	85	64	0	0
1379	165.938	166.232	C#7	87	64	0	0
1380	166.232	167.997	F#5	88	64	0	0
1381	167.997	168.585	A5	93	64	0	0
1382	168.585	168.879	C#6	95	64	0	0
1383	168.879	169.173	C#6	96	64	0	0
1384	168.879	169.173	E6	96	64	0	0
1385	169.173	169.467	B5	96	64	0	0
1386	169.173	169.467	E-6	96	64	0	0
1387	169.467	169.761	A5	96	64	0	0
1388	169.467	169.761	C#6	96	64	0	0
1389	169.761	170.203	G#5	96	64	0	0
1390	169.761	170.203	B5	96	64	0	0
1391	170.203	170.938	F#5	96	64	0	0
1392	170.203	170.938	A5	96	64	0	0
1393	170.938	171.232	E5	96	64	0	0
1394	170.938	171.232	G#5	96	64	0	0
1395	171.232	171.526	E-5	96	64	0	0
1396	171.232	171.526	F#5	96	64	0	0
1397	171.526	171.82	C#5	96	64	0	0
1398	171.526	171.82	E5	96	64	0	0
1399	171.82	172.114	B4	89	64	0	0
1400	171.82	172.114	E-5	89	64	0	0
1401	172.114	172.409	A4	82	64	0	0
1402	172.114	172.409	C#5	82	64	0	0
1403	172.409	172.703	G#4	75	64	0	0
1404	172.409	172.703	B4	75	64	0	0
1405	172.703	172.997	F#4	68	64	0	0
1406	172.703	172.997	A4	68	64	0	0
1407	172.997	173.585	E4	61	64	0	0
1408	172.997	173.585	G#4	61	64	0	0
1409	173.291	174.173	A3	54	64	0	0
1410	173.585	173.879	E-4	47	64	0	0
1411	173.585	173.879	F#4	47	64	0	0
1412	173.879	174.173	C#4	40	64	0	0
1413	173.879	174.173	E4	40	64	0	0
1414	174.173	174.761	F#3	33	64	0	0
1415	174.173	175.644	C#4	33	64	0	0
1416	174.173	175.938	E-4	33	64	0	0
1417	174.761	175.056	G#3	33	64	0	0
1418	175.056	175.644	B-3	33	64	0	0
1419	175.644	175.938	C#4	33	64	0	0
1420	175.938	176.82	C4	33	64	0	0
1421	175.938	176.526	E-4	33	64	0	0
1422	175.938	176.526	F#4	33	64	0	0
1423	176.526	176.82	E-4	33	64	0	0
1424	176.526	176.82	F#4	33	64	0	0
1425	176.526	176.82	B-4	33	64	0	0
1426	176.82	177.409	F#3	33	64	0	0
1427	176.82	178.291	C#4	33	64	0	0
1428	176.82	178.585	E-4	33	64	0	0
1429	177.409	177.703	G#3	33	64	0	0
1430	177.703	178.291	B-3	33	64	0	0
1431	178.291	178.585	C#4	33	64	0	0
1432	178.585	179.467	C4	33	64	0	0
1433	178.585	179.173	E-4	33	64	0	0
1434	178.585	179.173	F#4	33	64	0	0
1435	179.173	179.467	E-4	33	64	0	0
1436	179.173	179.467	F#4	33	64	0	0
1437	179.173	179.467	B-4	33	64	0	0
1438	179.467	179.761	C#4	33	64	0	0
1439	179.467	179.761	F#4	33	64	0	0
1440	179.467	179.761	B-4	33	64	0	0
1441	179.761	180.056	G#4	33	64	0	0
1442	179.761	180.056	C5	33	64	0	0
1443	179.761	180.056	F5	33	64	0	0
1444	180.056	180.35	F#4	33	64	0	0
1445	180.056	180.35	B-4	33	64	0	0
1446	180.056	180.35	E-5	33	64	0	0
1447	180.35	180.644	C#4	33	64	0	0
1448	180.35	181.232	F#4	33	64	0	0
1449	180.35	181.232	B-4	33	64	0	0
1450	180.644	180.938	B-3	33	64	0	0
1451	180.938	181.232	C#4	33	64	0	0
1452	181.232	181.526	B-3	33	64	0	0
1453	181.232	182.114	F#4	33	64	0	0
1454	181.232	182.114	G#4	33	64	0	0
1455	181.526	181.82	C4	33	64	0	0
1456	181.82	182.114	E-4	33	64	0	0
1457	182.114	182.409	C#4	33	64	0	0
1458	182.114	182.409	F#4	33	64	0	0
1459	182.114	182.409	B-4	33	64	0	0
1460	182.409	182.703	G#4	33	64	0	0
1461	182.409	182.703	C5	33	64	0	0
1462	182.409	182.703	F5	33	64	0	0
1463	182.703	182.997	F#4	33	64	0	0
1464	182.703	182.997	B-4	33	64	0	0
1465	182.703	182.997	E-5	33	64	0	0
1466	182.997	183.291	C#4	33	64	0	0
1467	182.997	183.879	F#4	33	64	0	0
1468	182.997	183.879	B-4	33	64	0	0
1469	183.291	183.585	B-3	33	64	0	0
1470	183.585	183.879	C#4	33	64	0	0
1471	183.879	184.173	B-3	33	64	0	0
1472	183.879	184.761	F#4	33	64	0	0
1473	183.879	184.761	G#4	33	64	0	0
1474	184.173	184.467	C4	33	64	0	0
1475	184.467	184.761	E-4	33	64	0	0
1476	184.761	186.526	E-5	33	64	0	0
1477	184.909	185.056	E-4	33	64	0	0
1478	185.056	185.203	F#4	33	64	0	0
1479	185.203	185.35	B-4	33	64	0	0
1480	185.35	185.497	F#4	33	64	0	0
1481	185.497	185.644	E-4	33	64	0	0
1482	185.791	185.938	E-4	33	64	0	0
1483	185.938	186.085	F#4	33	64	0	0
1484	186.085	186.232	B-4	33	64	0	0
1485	186.232	186.379	F#4	33	64	0	0
1486	186.379	186.526	E-4	33	64	0	0
1487	186.526	187.114	F#5	33	64	0	0
1488	187.114	187.409	B-5	33	64	0	0
1489	187.409	189.173	E-5	33	64	0	0
1490	187.556	187.703	E-4	33	64	0	0
1491	187.703	187.85	F#4	33	64	0	0
1492	187.85	187.997	B-4	33	64	0	0
1493	187.997	188.144	F#4	33	64	0	0
1494	188.144	188.291	E-4	33	64	0	0
1495	188.438	188.585	E-4	33	64	0	0
1496	188.585	188.732	F#4	33	64	0	0
1497	188.732	188.879	B-4	33	64	0	0
1498	188.879	189.026	F#4	33	64	0	0
1499	189.026	189.173	E-4	33	64	0	0
1500	189.173	189.761	F#5	33	64	0	0
1501	189.761	190.056	B-5	33	64	0	0
1502	190.056	192.703	E-6	33	64	0	0
1503	192.703	193.585	E-6	33	64	0	0
1504	193.585	194.467	C#6	33	64	0	0
1505	194.467	195.35	E-6	33	64	0	0
1506	196.475	197.6	F6	24	64	0	0
1507	196.475	197.6	G#6	24	64	0	0
1508	197.6	198.725	F6	24	64	0	0
1509	198.725	199.1	F6	24	64	0	0
1510	199.1	199.475	C6	24	64	0	0
1511	199.1	199.475	E-6	24	64	0	0
1512	199.475	199.85	C#6	24	64	0	0
1513	199.475	199.85	F6	24	64	0	0
1514	199.85	202.1	C6	24	64	0	0
1515	199.85	202.1	E-6	24	64	0	0
1516	202.1	202.287	C6	24	64	0	0
1517	202.1	202.287	E-6	24	64	0	0
1518	202.475	202.85	B-5	24	64	0	0
1519	202.475	202.85	C#6	24	64	0	0
1520	202.85	203.225	C6	24	64	0	0
1521	202.85	203.225	E-6	24	64	0	0
1522	203.225	203.787	B-5	24	64	0	0
1523	203.225	203.787	C#6	24	64	0	0
1524	203.787	204.912	C#6	24	64	0	0
1525	203.787	204.912	F6	24	64	0	0
1526	204.912	205.475	B-5	24	64	0	0
1527	204.912	205.475	C#6	24	64	0	0
1528	205.475	205.85	B-5	24	64	0	0
1529	205.475	205.85	C#6	24	64	0	0
1530	205.85	206.225	G#5	24	64	0	0
1531	205.85	206.225	C6	24	64	0	0
1532	206.225	206.6	B-5	24	64	0	0
1533	206.225	206.6	C#6	24	64	0	0
1534	206.6	208.662	G#5	24	64	0	0
1535	206.6	208.662	C6	24	64	0	0
1536	209.225	209.6	F#5	24	64	0	0
1537	209.225	209.6	B-5	24	64	0	0
1538	209.6	209.975	G#5	24	64	0	0
1539	209.6	209.975	C6	24	64	0	0
1540	209.975	211.1	F#5	24	64	0	0
1541	209.975	210.35	B-5	24	64	0	0
1542	210.35	210.725	E-6	24	64	0	0
1543	210.725	211.1	B-5	24	64	0	0
1544	211.1	212.225	F5	24	64	0	0
1545	211.1	211.475	G#5	24	64	0	0
1546	211.475	211.85	B-5	24	64	0	0
1547	211.85	212.225	G#5	24	64	0	0
1548	212.225	212.6	F5	24	64	0	0
1549	212.225	212.6	G#5	24	64	0	0
1550	212.6	212.975	E-5	24	64	0	0
1551	212.6	212.975	F#5	24	64	0	0
1552	212.975	213.35	F5	24	64	0	0
1553	212.975	213.35	G#5	24	64	0	0
1554	213.35	214.475	E-5	24	64	0	0
1555	213.35	214.475	F#5	24	64	0	0
1556	214.475	215.6	A4	24	64	0	0
1557	214.475	215.6	F5	24	64	0	0
1558	215.6	215.975	F5	24	64	0	0
1559	215.975	216.35	C#5	24	64	0	0
1560	215.975	216.35	F5	24	64	0	0
1561	216.35	216.725	E-5	24	64	0	0
1562	216.35	216.725	F#5	24	64	0	0
1563	216.725	217.85	C#5	24	64	0	0
1564	216.725	217.1	F5	24	64	0	0
1565	217.1	217.475	B-5	24	64	0	0
1566	217.475	217.85	F5	24	64	0	0
1567	217.85	218.975	C#5	24	64	0	0
1568	217.85	218.225	E-5	24	64	0	0
1569	218.225	218.6	F5	24	64	0	0
1570	218.6	218.975	E-5	24	64	0	0
1571	218.975	219.35	E-5	24	64	0	0
1572	219.35	219.725	B-4	24	64	0	0
1573	219.35	219.725	C#5	24	64	0	0
1574	219.725	220.1	C5	24	64	0	0
1575	219.725	220.1	E-5	24	64	0	0
1576	220.1	221.225	B-4	24	64	0	0
1577	220.1	221.225	C#5	24	64	0	0
1578	221.225	222.35	G#4	24	64	0	0
1579	221.225	222.35	C5	24	64	0	0
1580	223.475	224.6	F5	33	64	0	0
1581	223.475	224.6	G#5	33	64	0	0
1582	224.6	225.725	C#5	33	64	0	0
1583	224.6	225.725	F5	33	64	0	0
1584	225.725	226.1	C#5	33	64	0	0
1585	225.725	226.1	F5	33	64	0	0
1586	226.1	228.912	F#4	33	64	0	0
1587	226.1	228.912	B-4	33	64	0	0
1588	226.1	226.475	E-5	33	64	0	0
1589	226.475	226.85	F5	33	64	0	0
1590	226.85	229.1	E-5	33	64	0	0
1591	229.1	229.287	E-5	33	64	0	0
1592	229.475	229.85	C#4	33	64	0	0
1593	229.475	230.225	G#4	33	64	0	0
1594	229.475	229.85	C#5	33	64	0	0
1595	229.85	230.225	E-4	33	64	0	0
1596	229.85	230.225	E-5	33	64	0	0
1597	230.225	231.35	G#4	33	64	0	0
1598	230.225	231.35	F5	33	64	0	0
1599	230.225	231.35	G#5	33	64	0	0
1600	231.35	232.475	F4	33	64	0	0
1601	231.35	232.475	C#5	33	64	0	0
1602	231.35	232.475	F5	33	64	0	0
1603	232.475	232.85	F5	33	64	0	0
1604	232.85	235.85	F4	33	64	0	0
1605	232.85	235.85	B-4	33	64	0	0
1606	232.85	233.225	E-5	33	64	0	0
1607	233.225	233.6	F5	33	64	0	0
1608	233.6	234.725	E-5	33	64	0	0
1609	234.725	235.85	C#5	33	64	0	0
1610	236.225	236.975	G#3	33	64	0	0
1611	236.225	236.6	C#4	33	64	0	0
1612	236.6	236.975	E-4	33	64	0	0
1613	236.975	238.1	C#4	33	64	0	0
1614	236.975	238.1	F4	33	64	0	0
1615	236.975	238.1	B-4	33	64	0	0
1616	238.1	239.225	G#3	33	64	0	0
1617	238.1	239.225	C#4	33	64	0	0
1618	238.1	239.225	F4	33	64	0	0
1619	239.6	240.35	B-3	33	64	0	0
1620	239.6	240.35	C#4	33	64	0	0
1621	239.6	239.975	F#4	33	64	0	0
1622	239.975	240.35	G#4	33	64	0	0
1623	240.35	241.475	F#4	33	64	0	0
1624	240.35	241.475	B-4	33	64	0	0
1625	240.35	241.475	C#5	33	64	0	0
1626	241.475	242.6	C#4	33	64	0	0
1627	241.475	242.6	F#4	33	64	0	0
1628	241.475	242.6	B-4	33	64	0	0
1629	242.975	243.725	C4	33	64	0	0
1630	242.975	243.725	F#4	33	64	0	0
1631	242.975	243.35	B-4	33	64	0	0
1632	243.35	243.725	C5	33	64	0	0
1633	243.725	244.85	G#4	33	64	0	0
1634	243.725	244.85	C5	33	64	0	0
1635	243.725	244.85	F5	33	64	0	0
1636	244.85	245.975	C4	33	64	0	0
1637	244.85	245.975	F#4	33	64	0	0
1638	244.85	245.975	G#4	33	64	0	0
1639	249.914	250.986	G#4	30	64	0	0
1640	249.914	250.986	B4	30	64	0	0
1641	250.986	252.097	E4	29	64	0	0
1642	250.986	252.097	C#5	29	64	0	0
1643	257.005	259.797	G#5	24	64	0	0
1644	257.005	258.369	B5	24	64	0	0
1645	258.369	259.797	C#6	23	64	0	0
1646	259.797	262.876	G#5	22	64	0	0
1647	259.797	261.297	B5	22	64	0	0
1648	261.297	262.876	C#6	21	64	0	0
1649	262.876	264.543	E6	20	64	0	0
1650	264.543	269.849	F6	19	64	0	0
1651	264.543	269.849	G#6	19	64	0	0
